	County	State	Population_Density	Poverty	Infant_Mortality	Suicide	Total_Births	Total_Deaths
36	Jefferson	AL	591	14.4	11.3	11.3	27118.0	21937.0
184	Alameda	CA	1964	10.7	4.8	7.6	65423.0	29143.0
190	Contra Costa	CA	1414	7.5	4.0	9.4	39653.0	20836.0
202	Los Angeles	CA	2447	17.7	5.4	7.9	457033.0	181018.0
213	Orange	CA	3785	10.6	4.7	7.6	135702.0	51060.0
217	Sacramento	CA	1412	13.7	5.6	10.9	58592.0	28774.0
220	San Diego	CA	698	11.6	4.9	10.5	133137.0	59354.0
221	San Francisco	CA	15837	12.0	3.9	11.0	25255.0	18969.0
224	San Mateo	CA	1558	6.8	4.1	7.1	30483.0	14256.0
226	Santa Clara	CA	1316	8.8	4.0	7.6	81257.0	26130.0
227	Santa Cruz	CA	561	11.3	4.0	13.0	10669.0	5098.0
244	Arapahoe	CO	659	7.9	5.0	16.5	23114.0	8722.0
258	Denver	CO	3638	15.1	6.7	14.2	34354.0	13530.0
272	Jefferson	CO	682	6.8	5.5	16.1	19626.0	10089.0
306	Fairfield	CT	1443	7.3	5.3	6.3	36336.0	21011.0
307	Hartford	CT	1193	9.2	6.3	7.6	31212.0	23682.0
310	New Haven	CT	1398	9.4	6.8	7.6	30738.0	23078.0
315	New Castle	DE	1227	8.2	9.4	11.1	21109.0	12346.0
317	Washington	DC	8966	17.5	10.9	6.0	22742.0	17375.0
322	Brevard	FL	522	10.1	6.5	17.5	14613.0	16256.0
323	Broward	FL	1475	12.5	6.5	13.3	67007.0	48248.0
332	Duval	FL	1068	12.8	10.3	14.5	36661.0	20511.0
345	Hillsborough	FL	1077	13.0	8.7	12.6	45253.0	26268.0
352	Lee	FL	678	10.2	6.5	14.3	16382.0	16162.0
360	Miami-Dade	FL	1221	18.9	5.9	9.1	97091.0	55624.0
365	Orange	FL	1127	13.2	7.5	9.9	43304.0	19432.0
367	Palm Beach	FL	643	10.9	7.4	12.5	42293.0	40726.0
368	Pasco	FL	576	11.9	6.6	18.7	11773.0	16150.0
369	Pinellas	FL	3315	12.1	7.6	16.3	27592.0	37641.0
375	Sarasota	FL	641	8.4	5.1	17.1	8618.0	14238.0
376	Seminole	FL	1303	9.1	5.5	13.0	13633.0	8050.0
395	Bibb	GA	620	18.9	13.3	11.7	7609.0	4984.0
409	Chatham	GA	544	16.8	10.7	10.3	10951.0	6806.0
413	Clarke	GA	865	18.7	9.4	9.2	6806.0	3222.0
415	Clayton	GA	1879	13.9	10.2	11.5	13391.0	4067.0
417	Cobb	GA	1952	9.6	6.4	9.2	31600.0	9967.0
428	DeKalb	GA	2528	13.2	9.2	9.7	32375.0	11887.0
432	Douglas	GA	566	10.0	5.8	14.0	7237.0	3181.0
440	Fayette	GA	529	5.2	4.6	8.3	4595.0	2759.0
442	Forsyth	GA	622	5.7	5.2	14.1	9882.0	2858.0
444	Fulton	GA	1732	16.2	8.7	8.7	40860.0	18471.0
451	Gwinnett	GA	1678	8.2	6.5	9.6	34815.0	8012.0
459	Henry	GA	520	6.6	7.5	14.7	11222.0	3854.0
490	Muscogee	GA	857	16.8	15.8	11.4	8901.0	5470.0
505	Richmond	GA	604	18.6	10.7	12.0	9606.0	5831.0
506	Rockdale	GA	601	10.9	3.2	10.3	5044.0	2540.0
545	Honolulu	HI	1509	10.5	7.3	9.5	38506.0	18565.0
608	Cook	IL	5608	14.5	8.5	7.5	247949.0	134307.0
614	DuPage	IL	2785	5.9	6.6	7.3	39133.0	17092.0
637	Kane	IL	926	7.4	6.5	8.4	24712.0	7572.0
641	Lake	IL	1570	6.9	5.0	7.6	31544.0	11514.0
648	McHenry	IL	504	4.5	4.0	6.4	12521.0	4838.0
691	Will	IL	768	6.7	6.2	9.2	27088.0	9565.0
693	Winnebago	IL	562	12.3	8.5	10.1	11909.0	7470.0
696	Allen	IN	523	10.2	7.2	13.2	15756.0	7927.0
723	Hamilton	IN	605	3.6	6.4	9.5	10229.0	2914.0
739	Lake	IN	993	12.7	9.3	10.8	20729.0	14436.0
743	Marion	IN	2178	12.5	8.5	12.4	43869.0	22658.0
765	St. Joseph	IN	582	11.8	7.4	11.8	11339.0	7252.0
776	Vanderburgh	IN	738	11.8	9.4	16.0	6950.0	5647.0
863	Polk	IA	704	8.6	5.8	11.3	18625.0	8506.0
931	Johnson	KS	1062	4.8	4.5	10.7	21746.0	8591.0
990	Wyandotte	KS	1029	16.1	10.1	17.1	8477.0	4669.0
1009	Campbell	KY	576	10.3	7.1	11.8	6163.0	4342.0
1024	Fayette	KY	942	13.0	6.1	10.0	11105.0	6005.0
1046	Jefferson	KY	1817	13.3	6.6	12.7	29266.0	21413.0
1049	Kenton	KY	949	10.7	8.8	13.8	7021.0	4007.0
1127	East Baton Rouge	LA	903	16.4	10.2	10.0	17566.0	10081.0
1136	Jefferson	LA	1477	15.7	8.7	12.8	18691.0	12532.0
1138	Lafayette	LA	732	15.6	9.5	10.3	8771.0	4290.0
1146	Orleans	LA	2519	25.5	11.7	9.4	21237.0	15084.0
1192	Anne Arundel	MD	1228	6.2	6.7	9.2	19893.0	10819.0
1193	Baltimore	MD	1313	7.6	8.4	8.9	26388.0	23035.0
1202	Harford	MD	543	6.4	4.6	11.5	8568.0	4779.0
1203	Howard	MD	1069	4.7	5.8	6.9	10701.0	3650.0
1205	Montgomery	MD	1872	6.4	5.6	5.6	40256.0	15815.0
1206	Prince George's	MD	1743	9.4	11.9	7.6	37078.0	16258.0
1214	Baltimore City	MD	7869	19.6	11.1	8.2	28958.0	24321.0
1215	Barnstable	MA	573	7.3	5.3	8.5	6050.0	8317.0
1217	Bristol	MA	983	10.4	5.5	6.0	19985.0	15686.0
1219	Essex	MA	1475	9.7	4.9	6.4	28807.0	19822.0
1221	Hampden	MA	746	14.4	5.8	7.9	17230.0	13905.0
1223	Middlesex	MA	1772	7.6	4.1	6.1	56097.0	34724.0
1225	Norfolk	MA	1636	5.5	3.7	6.0	24882.0	17361.0
1226	Plymouth	MA	745	7.8	4.5	7.7	19161.0	12350.0
1227	Suffolk	MA	11183	15.9	6.1	5.7	28649.0	16317.0
1228	Worcester	MA	518	9.4	5.5	6.8	30438.0	20673.0
1253	Genesee	MI	694	13.3	11.4	11.3	18818.0	11873.0
1269	Kent	MI	697	10.0	8.3	8.5	27754.0	12128.0
1278	Macomb	MI	1726	7.4	5.7	10.1	30497.0	21895.0
1291	Oakland	MI	1392	6.7	6.5	9.8	46556.0	27118.0
1310	Wayne	MI	3254	16.5	11.2	10.3	88716.0	59647.0
1313	Anoka	MN	765	5.3	3.9	8.9	12928.0	4331.0
1330	Dakota	MN	673	4.9	4.9	8.7	15864.0	5143.0
1338	Hennepin	MN	2011	9.1	5.3	8.5	49101.0	23700.0
1373	Ramsey	MN	3177	10.7	5.6	9.1	22222.0	11712.0
1393	Washington	MN	563	4.7	5.1	8.3	8599.0	3155.0
1504	Clay	MO	510	6.6	5.7	12.9	8658.0	4285.0
1528	Jackson	MO	1096	12.3	7.5	13.3	30546.0	18206.0
1572	St. Charles	MO	589	4.9	6.7	9.5	12968.0	5374.0
1576	St. Louis	MO	1978	8.6	8.4	10.5	36724.0	29021.0
1595	St. Louis City	MO	5561	21.3	12.8	13.1	15755.0	12366.0
1679	Douglas	NE	1471	10.8	7.4	10.9	23667.0	10979.0
1728	Sarpy	NE	579	5.5	5.4	10.9	6875.0	1877.0
1773	Bergen	NJ	3854	6.1	4.4	6.2	31845.0	22741.0
1774	Burlington	NJ	560	5.8	5.4	7.9	16166.0	11194.0
1775	Camden	NJ	2331	10.9	9.9	9.9	20851.0	14310.0
1778	Essex	NJ	6265	14.4	8.6	5.5	36577.0	21091.0
1779	Gloucester	NJ	853	6.7	6.5	9.0	9605.0	7044.0
1780	Hudson	NJ	12926	15.0	7.4	4.8	26507.0	13726.0
1782	Mercer	NJ	1621	8.1	6.5	4.5	13786.0	8780.0
1783	Middlesex	NJ	2549	7.4	4.8	6.1	31989.0	16653.0
1784	Monmouth	NJ	1348	6.5	2.9	7.5	24309.0	16241.0
1785	Morris	NJ	1046	4.2	3.6	5.7	19104.0	10489.0
1786	Ocean	NJ	878	8.1	3.6	7.2	21448.0	21057.0
1787	Passaic	NJ	2693	12.6	6.0	6.6	23317.0	12091.0
1789	Somerset	NJ	1050	4.7	2.8	5.3	13356.0	6253.0
1791	Union	NJ	5145	9.9	6.1	5.4	22768.0	13636.0
1793	Bernalillo	NM	518	14.8	6.1	19.3	25810.0	13285.0
1826	Albany	NY	568	10.8	8.3	6.9	9668.0	8491.0
1828	Bronx	NY	32300	26.8	6.8	5.8	68201.0	30886.0
1840	Erie	NY	891	13.0	8.3	6.6	32027.0	30099.0
1849	Kings	NY	35211	23.3	6.5	4.6	119171.0	54937.0
1853	Monroe	NY	1112	12.7	6.2	6.2	26811.0	18882.0
1855	Nassau	NY	4650	5.9	4.7	4.8	48734.0	33965.0
1856	New York	NY	69390	18.6	4.9	8.2	60627.0	34423.0
1859	Onondaga	NY	587	12.1	10.0	6.3	17024.0	12202.0
1866	Queens	NY	20520	15.4	5.2	4.7	92216.0	47876.0
1868	Richmond	NY	7944	10.1	5.0	6.0	17514.0	11023.0
1869	Rockland	NY	1681	9.7	4.1	4.6	14043.0	6399.0
1872	Schenectady	NY	723	11.6	6.8	8.4	5318.0	4736.0
1877	Suffolk	NY	1617	7.3	5.2	5.2	59799.0	34425.0
1885	Westchester	NY	2174	8.7	4.5	4.8	38104.0	22249.0
1919	Durham	NC	836	14.2	6.2	11.4	11701.0	5048.0
1921	Forsyth	NC	796	13.2	8.4	10.2	13793.0	8288.0
1923	Gaston	NC	551	14.2	8.5	17.4	7654.0	5865.0
1928	Guilford	NC	683	14.3	8.7	10.1	17640.0	10440.0
1947	Mecklenburg	NC	1513	12.0	7.6	10.4	36551.0	13844.0
1952	New Hanover	NC	903	13.4	5.4	11.9	6151.0	4339.0
1979	Wake	NC	900	8.7	5.8	9.3	32741.0	10269.0
2049	Butler	OH	750	8.9	8.2	12.5	14141.0	8256.0
2058	Cuyahoga	OH	2912	13.5	9.1	10.4	52896.0	45286.0
2065	Franklin	OH	2020	12.0	8.5	9.0	51524.0	25008.0
2071	Hamilton	OH	1980	11.5	10.0	9.7	35448.0	24890.0
2083	Lake	OH	1019	6.3	5.8	11.4	7773.0	6477.0
2087	Lorain	OH	602	9.8	7.5	9.4	10884.0	7707.0
2088	Lucas	OH	1317	12.8	9.2	12.0	19009.0	13437.0
2090	Mahoning	OH	612	12.9	9.2	11.2	8248.0	9288.0
2097	Montgomery	OH	1186	11.2	8.1	11.7	22068.0	16729.0
2116	Stark	OH	661	9.8	7.9	9.0	13681.0	11785.0
2117	Summit	OH	1324	11.1	7.4	10.1	20430.0	16341.0
2183	Oklahoma	OK	965	15.5	8.2	14.6	34245.0	19299.0
2200	Tulsa	OK	1003	13.2	7.9	15.8	27942.0	15882.0
2231	Multnomah	OR	1546	12.9	4.9	13.4	27949.0	17381.0
2239	Washington	OR	691	8.7	4.3	11.8	22703.0	8204.0
2243	Allegheny	PA	1693	10.8	8.0	10.8	40998.0	45786.0
2250	Bucks	PA	1023	5.6	5.4	10.4	21369.0	15174.0
2256	Chester	PA	627	5.3	5.8	8.0	17771.0	9822.0
2264	Delaware	PA	3016	8.9	6.9	8.9	20217.0	17172.0
2277	Lancaster	PA	517	8.3	7.8	7.8	19996.0	12837.0
2280	Lehigh	PA	953	9.6	8.0	10.4	11555.0	9461.0
2287	Montgomery	PA	1606	5.5	5.3	8.6	28676.0	21093.0
2289	Northampton	PA	770	7.7	5.8	10.6	9005.0	7777.0
2292	Philadelphia	PA	10832	20.1	10.4	10.7	64853.0	50895.0
2309	Bristol	RI	2137	7.0	4.5	6.2	2470.0	2606.0
2310	Kent	RI	1008	6.7	5.2	9.2	5608.0	5241.0
2311	Newport	RI	805	8.0	5.1	6.9	4662.0	3759.0
2312	Providence	RI	1548	14.4	7.6	7.5	24958.0	18303.0
2336	Greenville	SC	516	12.0	5.5	11.6	16464.0	10065.0
2444	Davidson	TN	1145	13.5	8.7	13.7	26453.0	15495.0
2458	Hamilton	TN	573	13.3	10.1	11.0	11872.0	9553.0
2472	Knox	TN	796	12.7	6.1	12.2	14567.0	10953.0
2504	Shelby	TN	1205	16.6	14.0	9.9	42781.0	23554.0
2535	Bexar	TX	1218	17.6	7.0	10.3	73703.0	30791.0
2563	Collin	TX	778	5.4	4.0	7.5	29125.0	6159.0
2577	Dallas	TX	2621	16.9	6.8	10.6	128098.0	42119.0
2581	Denton	TX	624	8.3	5.3	8.8	24872.0	5750.0
2591	El Paso	TX	712	25.7	4.1	7.5	42470.0	12662.0
2599	Fort Bend	TX	530	8.4	4.6	9.5	16800.0	4795.0
2604	Galveston	TX	697	13.7	8.3	14.4	11571.0	6808.0
2621	Harris	TX	2136	16.2	6.0	10.8	195600.0	62223.0
2740	Tarrant	TX	1877	12.9	7.5	9.8	80771.0	29109.0
2747	Travis	TX	898	13.9	5.8	12.9	43572.0	12200.0
2780	Davis	UT	881	7.4	3.4	13.6	15592.0	3524.0
2792	Salt Lake	UT	1286	9.8	5.3	15.9	54909.0	15734.0
2824	Arlington	VA	7575	7.4	4.2	7.6	8541.0	3244.0
2838	Chesterfield	VA	679	6.7	6.0	11.3	10210.0	4643.0
2846	Fairfax	VA	2548	5.8	4.7	7.3	43498.0	12822.0
2860	Henrico	VA	1179	7.9	8.0	11.9	11013.0	6989.0
2890	Prince William	VA	1032	6.1	6.8	7.8	17032.0	3553.0
2912	York	VA	585	5.0	6.3	7.9	3178.0	1632.0
2913	Alexandria City	VA	8915	8.8	5.9	8.5	7852.0	2432.0
2914	Bedford City	VA	901	15.8	6.7	18.9	796.0	1203.0
2915	Bristol City	VA	1344	16.4	4.8	17.3	1648.0	2551.0
2916	Buena Vista City	VA	942	11.6	8.9	-1111.1	770.0	857.0
2917	Charlottesville City	VA	3941	17.8	7.4	11.6	2553.0	1737.0
2918	Chesapeake City	VA	643	9.1	11.5	7.9	8349.0	4221.0
2919	Colonial Heights City	VA	2349	7.4	6.7	13.8	2847.0	2044.0
2920	Covington City	VA	1094	12.7	6.6	-1111.1	834.0	1031.0
2921	Danville City	VA	1072	19.3	10.1	19.3	2861.0	3768.0
2922	Emporia City	VA	811	16.4	13.6	-1111.1	735.0	1109.0
2923	Fairfax City	VA	3481	5.5	6.7	13.2	3271.0	2080.0
2924	Falls Church City	VA	5418	3.0	5.4	9.4	1866.0	790.0
2925	Franklin City	VA	1029	17.3	9.8	11.3	1154.0	1332.0
2926	Fredericksburg City	VA	1971	14.1	9.1	15.1	3936.0	2179.0
2927	Galax City	VA	811	17.9	5.3	19.5	1023.0	1212.0
2928	Hampton City	VA	2811	13.1	11.6	8.5	5611.0	3410.0
2929	Harrisonburg City	VA	2303	17.9	5.9	10.4	2382.0	1298.0
2930	Hopewell City	VA	2216	16.4	10.5	14.4	3525.0	2654.0
2931	Lexington City	VA	2721	16.1		-1111.1	558.0	767.0
2932	Lynchburg City	VA	1356	17.5	9.2	11.0	4221.0	4057.0
2933	Manassas City	VA	3783	7.5	4.5	-1111.1	3593.0	959.0
2934	Manassas Park City	VA	4667	6.5	6.3	-1111.1	1915.0	347.0
2935	Martinsville City	VA	1362	17.9	2.4	19.9	1907.0	2598.0
2936	Newport News City	VA	2634	14.0	11.7	10.1	9587.0	4220.0
2937	Norfolk City	VA	4317	19.8	11.0	12.6	12143.0	6226.0
2939	Petersburg City	VA	1425	18.5	12.6	9.1	2706.0	2471.0
2940	Poquoson City	VA	761	4.8	6.5	12.8	1267.0	986.0
2941	Portsmouth City	VA	3021	16.5	14.2	13.4	4726.0	3254.0
2942	Radford City	VA	1484	18.5	6.8	19.1	1317.0	1023.0
2943	Richmond City	VA	3226	20.2	14.8	11.5	9287.0	6989.0
2944	Roanoke City	VA	2160	16.9	10.5	16.1	6456.0	6277.0
2945	Salem City	VA	1690	8.4	7.6	11.2	2528.0	3045.0
2946	Staunton City	VA	1184	13.1	6.6	14.5	2527.0	2964.0
2948	Virginia Beach City	VA	1766	8.0	7.1	9.8	18786.0	7655.0
2949	Waynesboro City	VA	1385	13.1	8.1	19.7	2731.0	2330.0
2950	Williamsburg City	VA	1376	17.5	11.2	16.4	1192.0	1288.0
2951	Winchester City	VA	2692	12.0	8.0	15.8	3336.0	2628.0
2957	Clark	WA	643	10.5	5.4	13.8	15927.0	7314.0
2968	King	WA	844	9.4	4.9	10.6	66179.0	34777.0
2969	Kitsap	WA	608	9.2	6.4	11.5	8916.0	5391.0
3075	Kenosha	WI	588	8.8	5.6	13.6	6381.0	3763.0
3086	Milwaukee	WI	3815	16.2	10.4	11.4	43885.0	26557.0
3097	Racine	WI	588	9.3	10.9	11.6	7676.0	4595.0
3113	Waukesha	WI	682	4.1	3.0	8.0	13001.0	8256.0
